쉘 정렬

3, 14, 12, 4, 10, 13, 1, 5, 2, 7, 9, 6, 8, 11

첫 번째(gap 7)
3, 14, 12, 4, 10, 13, 1, 5, 2, 7, 9, 6, 8, 11 -> 3, 5 상태 유지
3, 14, 12, 4, 10, 13, 1, 5, 2, 7, 9, 6, 8, 11 -> 14, 2 교환
3, 14, 12, 4, 10, 13, 1, 5, 2, 7, 9, 6, 8, 11 -> 12, 7 교환
3, 14, 12, 4, 10, 13, 1, 5, 2, 7, 9, 6, 8, 11 -> 4, 9 상태 유지
3, 14, 12, 4, 10, 13, 1, 5, 2, 7, 9, 6, 8, 11 -> 10, 6 교환
3, 14, 12, 4, 10, 13, 1, 5, 2, 7, 9, 6, 8, 11 -> 13, 8 교환
3, 14, 12, 4, 10, 13, 1, 5, 2, 7, 9, 6, 8, 11 -> 1, 11 상태 유지

3, 14, 12, 4, 10, 13, 1, 5, 2, 7, 9, 6, 8, 11
3, 2, 12, 4, 10, 13, 1, 5, 14, 7, 9, 6, 8, 11
3, 2, 7, 4, 10, 13, 1, 5, 14, 12, 9, 6, 8, 11
3, 2, 7, 4, 10, 13, 1, 5, 14, 12, 9, 6, 8, 11
3, 2, 7, 4, 6, 13, 1, 5, 14, 12, 9, 10, 8, 11
3, 2, 7, 4, 6, 8, 1, 5, 14, 12, 9, 10, 13, 11
3, 2, 7, 4, 6, 8, 1, 5, 14, 12, 9, 10, 13, 11

결과
3, 2, 7, 4, 6, 8, 1, 5, 14, 12, 9, 10, 13, 11

두 번째(gap 3)
3, 2, 7, 4, 6, 8, 1, 5, 14, 12, 9, 10, 13, 11 -> 3, 4, 1, 12, 13 교환
3, 2, 7, 4, 6, 8, 1, 5, 14, 12, 9, 10, 13, 11 -> 2, 6, 5, 9, 11 교환
3, 2, 7, 4, 6, 8, 1, 5, 14, 12, 9, 10, 13, 11 -> 7, 8, 14, 10 교환

1, 2, 7, 3, 6, 8, 4, 5, 14, 12, 9, 10, 13, 11
1, 2, 7, 3, 5, 8, 4, 6, 14, 12, 9, 10, 13, 11
1, 2, 7, 3, 5, 8, 4, 6, 10, 12, 9, 14, 13, 11

결과 
1, 2, 7, 3, 5, 8, 4, 6, 10, 12, 9, 14, 13, 11

세 번째(gap 1)
1, 2, 7, 3, 5, 8, 4, 6, 10, 12, 9, 14, 13, 11 -> 2가 1보다 크므로 자리를 이동하지 않습니다.
1, 2, 7, 3, 5, 8, 4, 6, 10, 12, 9, 14, 13, 11 -> 7이 2보다 크므로 자리를 이동하지 않습니다.
1, 2, 7, 3, 5, 8, 4, 6, 10, 12, 9, 14, 13, 11 -> 7을 한 칸 뒤로 밀고, 2와 7 사이에 3을 삽입
1, 2, 3, 5, 7, 8, 4, 6, 10, 12, 9, 14, 13, 11 -> 7을 한 칸 뒤로 밀고, 3과 7 사이에 5를 삽입합니다.
1, 2, 3, 5, 7, 8, 4, 6, 10, 12, 9, 14, 13, 11 -> 8보다 4가 작으므로 앞으로 이동
1, 2, 3, 5, 7, 8, 4, 6, 10, 12, 9, 14, 13, 11 -> 8이 7보다 크므로 자리를 이동하지 않습니다.
1, 2, 3, 4, 5, 7, 8, 6, 10, 12, 9, 14, 13, 11 -> 8, 7, 5를 각각 한 칸씩 뒤로 밀고, 3 뒤에 4를 삽입합니다.
1, 2, 3, 4, 5, 6, 7, 8, 10, 12, 9, 14, 13, 11 -> 8, 7을 한 칸씩 뒤로 밀고, 5 뒤에 6을 삽입합니다.
1, 2, 3, 4, 5, 6, 7, 8, 10, 12, 9, 14, 13, 11 -> 10이 8보다 크므로 자리를 이동하지 않습니다.
1, 2, 3, 4, 5, 6, 7, 8, 10, 12, 9, 14, 13, 11 -> 12가 10보다 크므로 자리를 이동하지 않습니다.
1, 2, 3, 4, 5, 6, 7, 8, 9, 10, 12, 14, 13, 11 -> 12, 10을 한 칸씩 뒤로 밀고, 8 뒤에 9를 삽입합니다.
1, 2, 3, 4, 5, 6, 7, 8, 9, 10, 12, 14, 13, 11 -> 14가 12보다 크므로 자리를 이동하지 않습니다.
1, 2, 3, 4, 5, 6, 7, 8, 9, 10, 12, 13, 14, 11 -> 14를 한 칸 뒤로 밀고, 12 뒤에 13을 삽입합니다.
1, 2, 3, 4, 5, 6, 7, 8, 9, 10, 11, 12, 13, 14 -> 14, 13, 12를 한 칸씩 뒤로 밀고, 10 뒤에 11을 삽입합니다.

결과 
1, 2, 3, 4, 5, 6, 7, 8, 9, 10, 11, 12, 13, 14


